1 core
0.104007
0.268017
0.444028
0.640041
0.804051
1.048065
1.324083
1.520096
1.876118
2.104132

2 cores
6.0004e-2
0.1560095
0.248015
0.356022
0.4840305
0.6360395
0.7860495
0.9200575
1.088068
1.2260765

3 cores
4.6669666666666665e-2
0.12400733333333334
0.21868033333333334
0.2973516666666667
0.3920246666666667
0.49869766666666665
0.6240393333333333
0.7627143333333333
0.932058
0.9933953333333333

4 cores
3.700225e-2
8.600525e-2
0.14600925
0.2150135
0.29401825
0.38102375
0.4400275
0.54503425
0.63803975
0.72104525
