1 core
0.108006
0.264016
0.448029
0.660041
0.844053
1.048065
1.316083
1.540096
1.860117
2.06813

2 cores
5.60035e-2
0.1720105
0.252016
0.374023
0.47803
0.6340395
0.782049
0.9680605
1.1120695
1.2540785

3 cores
4.9336333333333336e-2
0.12800799999999998
0.18934533333333334
0.3240206666666667
0.42002633333333333
0.49603100000000006
0.624039
0.7373793333333333
0.9040563333333332
0.9827279999999999

4 cores
3.4002e-2
8.500525e-2
0.15901
0.20601325
0.30101875
0.3580225
0.47803
0.592037
0.65004075
0.7260455
