1 core
0.108007
0.288018
0.428027
0.644041
0.820051
1.052066
1.356085
1.516095
1.864115
2.056128

2 cores
6.0004e-2
0.150009
0.250016
0.3620225
0.48403
0.6700415
0.7900495
0.9400585
1.130071
1.2240765

3 cores
4.6669999999999996e-2
0.132008
0.19334533333333334
0.297352
0.37868999999999997
0.4973643333333333
0.6227056666666667
0.7640476666666666
0.8680543333333333
0.9867283333333333

4 cores
3.400225e-2
8.400525e-2
0.14900925
0.2190135
0.29001775
0.39402475
0.4860305
0.55403475
0.658041
0.71304475
